421434
421435
421436
421437
421438
421439
421440
421441
421442
421443
421444
421445
421446
421447
421448
421449
421450
421451
421452
421453
421454
421455
421456
421457
421458
421459
421460
421461
421462
421463
421464
421465
421466
421467
421468
421469
421470
421471
421472
421473
421474
421475
421476
421477
421478
421479
421480
421481
421482
421483
421484
421485
421486
421487
421488
421489
421490
421491
421492
421493
421494
421495
421496
421497
421498
421499
421500
421501
421502
421503
421504
421505
421506
421507
421508
421509
421510
421511
421512
421513
421514
421515
421516
421517
421518
421519
421520
421521
421522
421523
421524
421525
421526
421527
421528
421529
421530
421531
421532
421533
421534
421535
421536
421537
421538
421539
421540
421541
421542
421543
421544
421545
421546
421547
421548
421549
421550
421551
421552
421553
421554
421555
421556
421557
421558
421559
421560
421561
421562
421563
421564
421565
421566
421567
421568
421569
421570
421571
421572
421573
421574
421575
421576
421577
421578
421579
421580
421581
421582
421583
421584
421585
421586
421587
421588
421589
421590
421591
421592
421593
421594
421595
421596
421597
421598
421599
421600
421601
421602
421603
421604
421605
421606
421607
421608
421609
421610
421611
421612
421613
421614
421615
421616
421617
421618
421619
421620
421621
421622
421623
421624
421625
421626
421627
421628
421629
421630
421631
421632
421633
421634
421635
421636
421637
421638
421639
421640
421641
421642
421643
421644
421645
421646
421647
421648
421649
421650
421651
421652
421653
421654
421655
421656
421657
421658
421659
421660
421661
421662
421663
421664
421665
421666
421667
421668
421669
421670
421671
421672
421673
421674
421675
421676
421677
421678
421679
421680
421681
421682
421683
421684
421685
421686
421687
421688
421689
421690
421691
421692
421693
421694
421695
421696
421697
421698
421699
421700
421701
421702
421703
421704
421705
421706
421707
421708
421709
421710
421711
421712
421713
421714
421715
421716
421717
421718
421719
421720
421721
421722
421723
421724
421725
421726
421727
421728
421729
421730
421731
421732
421733
421734
421735
421736
421737
421738
421739
421740
421741
421742
421743
421744
421745
421746
421747
421748
421749
421750
421751
421752
421753
421754
421755
421756
421757
421758
421759
421760
421761
421762
421763
421764
421765
421766
421767
421768
421769
421770
421771
421772
421773
421774
421775
421776
421777
421778
421779
421780
421781
421782
421783
421784
421785
421786
421787
421788
421789
421790
421791
421792
421793
421794
421795
421796
421797
421798
421799
421800
421801
421802
421803
421804
421805
421806
421807
421808
421809
421810
421811
421812
421813
421814
421815
421816
421817
421818
421819
421820
421821
421822
421823
421824
421825
421826
421827
421828
421829
421830
421831
421832
421833
421834
421835
421836
421837
421838
421839
421840
421841
421842
421843
421844
421845
421846
421847
421848
421849
421850
421851
421852
421853
421854
421855
421856
421857
421858
421859
421860
421861
421862
421863
421864
421865
421866
421867
421868
421869
421870
421871
421872
421873
421874
421875
421876
421877
421878
421879
421880
421881
421882
421883
421884
421885
421886
421887
421888
421889
421890
421891
421892
421893
421894
421895
421896
421897
421898
421899
421900
421901
421902
421903
421904
421905
421906
421907
421908
421909
421910
421911
421912
421913
421914
421915
421916
421917
421918
421919
421920
421921
421922
421923
421924
421925
421926
421927
421928
421929
421930
421931
421932
421933
421934
421935
421936
421937
421938
421939
421940
421941
421942
421943
421944
421945
421946
421947
421948
421949
421950
421951
421952
421953
421954
421955
421956
421957
421958
421959
421960
421961
421962
421963
421964
421965
421966
421967
421968
421969
421970
421971
421972
421973
421974
421975
421976
421977
421978
421979
421980
421981
421982
421983
421984
421985
421986
421987
421988
421989
421990
421991
421992
421993
421994
421995
421996
421997
421998
421999
422000
422001
422002
422003
422004
422005
422006
422007
422008
422009
422010
422011
422012
422013
422014
422015
422016
422017
422018
422019
422020
422021
422022
422023
422024
422025
422026
422027
422028
422029
422030
422031
422032
422033
422034
422035
422036
422037
422038
422039
422040
422041
422042
422043
422044
422045
422046
422047
422048
422049
422050
422051
422052
422053
422054
422055
422056
422057
422058
422059
422060
422061
422062
422063
422064
422065
422066
422067
422068
422069
422070
422071
422072
422073
422074
422075
422076
422077
422078
422079
422080
422081
422082
422083
422084
422085
422086
422087
422088
422089
422090
422091
422092
422093
422094
422095
422096
422097
422098
422099
422100
422101
422102
422103
422104
422105
422106
422107
422108
422109
422110
422111
422112
422113
422114
422115
422116
422117
422118
422119
422120
422121
422122
422123
422124
422125
422126
422127
422128
422129
422130
422131
422132
422133
422134
422135
422136
422137
422138
422139
422140
422141
422142
422143
422144
422145
422146
422147
422148
422149
422150
422151
422152
422153
422154
422155
422156
422157
422158
422159
422160
422161
422162
422163
422164
422165
422166
422167
422168
422169
422170
422171
422172
422173
422174
422175
422176
422177
422178
422179
422180
422181
422182
422183
422184
422185
422186
422187
422188
422189
422190
422191
422192
422193
422194
422195
422196
422197
422198
422199
422200
422201
422202
422203
422204
422205
422206
422207
422208
422209
422210
422211
422212
422213
422214
422215
422216
422217
422218
422219
422220
422221
422222
422223
422224
422225
422226
422227
422228
422229
422230
422231
422232
422233
422234
422235
422236
422237
422238
422239
422240
422241
422242
422243
422244
422245
422246
422247
422248
422249
422250
422251
422252
422253
422254
422255
422256
422257
422258
422259
422260
422261
422262
422263
422264
422265
422266
422267
422268
422269
422270
422271
422272
422273
422274
422275
422276
422277
422278
422279
422280
422281
422282
422283
422284
422285
422286
422287
422288
422289
422290
422291
422292
422293
422294
422295
422296
422297
422298
422299
422300
422301
422302
422303
422304
422305
422306
422307
422308
422309
422310
422311
422312
422313
422314
422315
422316
422317
422318
422319
422320
422321
422322
422323
422324
422325
422326
422327
422328
422329
422330
422331
422332
422333
422334
422335
422336
422337
422338
422339
422340
422341
422342
422343
422344
422345
422346
422347
422348
422349
422350
422351
422352
422353
422354
422355
422356
422357
422358
422359
422360
422361
422362
422363
422364
422365
422366
422367
422368
422369
422370
422371
422372
422373
422374
422375
422376
422377
422378
422379
422380
422381
422382
422383
422384
422385
422386
422387
422388
422389
422390
422391
422392
422393
422394
422395
422396
422397
422398
422399
422400
422401
422402
422403
422404
422405
422406
422407
422408
422409
422410
422411
422412
422413
422414
422415
422416
422417
422418
422419
422420
422421
422422
422423
422424
422425
422426
422427
422428
422429
422430
422431
422432
422433
422434
422435
422436
422437
422438
422439
422440
422441
422442
422443
422444
422445
422446
422447
422448
422449
422450
422451
422452
422453
422454
422455
422456
422457
422458
422459
422460
422461
422462
422463
422464
422465
422466
422467
422468
422469
422470
422471
422472
422473
422474
422475
422476
422477
422478
422479
422480
422481
422482
422483
422484
422485
422486
422487
422488
422489
422490
422491
422492
422493
422494
422495
422496
422497
422498
422499
422500
422501
422502
422503
422504
422505
422506
422507
422508
422509
422510
422511
422512
422513
422514
422515
422516
422517
422518
422519
422520
422521
422522
422523
422524
422525
422526
422527
422528
422529
422530
422531
422532
422533
422534
422535
422536
422537
422538
422539
422540
422541
422542
422543
422544
422545
422546
422547
422548
422549
422550
422551
422552
422553
422554
422555
422556
422557
422558
422559
422560
422561
422562
422563
422564
422565
422566
422567
422568
422569
422570
422571
422572
422573
422574
422575
422576
422577
422578
422579
422580
422581
422582
422583
422584
422585
422586
422587
422588
422589
422590
422591
422592
422593
422594
422595
422596
422597
422598
422599
422600
422601
422602
422603
422604
422605
422606
422607
422608
422609
422610
422611
422612
422613
422614
422615
422616
422617
422618
422619
422620
422621
422622
422623
422624
422625
422626
422627
422628
422629
422630
422631
422632
422633
422634
422635
422636
422637
422638
422639
422640
422641
422642
422643
422644
422645
422646
422647
422648
422649
422650
422651
422652
422653
422654
422655
422656
422657
422658
422659
422660
422661
422662
422663
422664
422665
422666
422667
422668
422669
422670
422671
422672
422673
422674
422675
422676
422677
422678
422679
422680
422681
422682
422683
422684
422685
422686
422687
422688
422689
422690
422691
422692
422693
422694
422695
422696
422697
422698
422699
422700
422701
422702
422703
422704
422705
422706
422707
422708
422709
422710
422711
422712
422713
422714
422715
422716
422717
422718
422719
422720
422721
422722
422723
422724
422725
422726
422727
422728
422729
422730
422731
422732
422733
422734
422735
422736
422737
422738
422739
422740
422741
422742
422743
422744
422745
422746
422747
422748
422749
422750
422751
422752
422753
422754
422755
422756
422757
422758
422759
422760
422761
422762
422763
422764
422765
422766
422767
422768
422769
422770
422771
422772
422773
422774
422775
422776
422777
422778
422779
422780
422781
422782
422783
422784
422785
422786
422787
422788
422789
422790
422791
422792
422793
422794
422795
422796
422797
422798
422799
422800
422801
422802
422803
422804
422805
422806
422807
422808
422809
422810
422811
422812
422813
422814
422815
422816
422817
422818
422819
422820
422821
422822
422823
422824
422825
422826
422827
422828
422829
422830
422831
422832
422833
422834
422835
422836
422837
422838
422839
422840
422841
422842
422843
422844
422845
422846
422847
422848
422849
422850
422851
422852
422853
422854
422855
422856
422857
422858
422859
422860
422861
422862
422863
422864
422865
422866
422867
422868
422869
422870
422871
422872
422873
422874
422875
422876
422877
422878
422879
422880
422881
422882
422883
422884
422885
422886
422887
422888
422889
422890
422891
422892
422893
422894
422895
422896
422897
422898
422899
422900
422901
422902
422903
422904
422905
422906
422907
422908
422909
422910
422911
422912
422913
422914
422915
422916
422917
422918
422919
422920
422921
422922
422923
422924
422925
422926
422927
422928
422929
422930
422931
422932
422933
422934
422935
422936
422937
422938
422939
422940
422941
422942
422943
422944
422945
422946
422947
422948
422949
422950
422951
422952
422953
422954
422955
422956
422957
422958
422959
422960
422961
422962
422963
422964
422965
422966
422967
422968
422969
422970
422971
422972
422973
422974
422975
422976
422977
422978
422979
422980
422981
422982
422983
422984
422985
422986
422987
422988
422989
422990
422991
422992
422993
422994
422995
422996
422997
422998
422999
423000
423001
423002
423003
423004
423005
423006
423007
423008
423009
423010
423011
423012
423013
423014
423015
423016
423017
423018
423019
423020
423021
423022
423023
423024
423025
423026
423027
423028
423029
423030
423031
423032
423033
423034
423035
423036
423037
423038
423039
423040
423041
423042
423043
423044
423045
423046
423047
423048
423049
423050
423051
423052
423053
423054
423055
423056
423057
423058
423059
423060
423061
423062
423063
423064
423065
423066
423067
423068
423069
423070
423071
423072
423073
423074
423075
423076
423077
423078
423079
423080
423081
423082
423083
423084
423085
423086
423087
423088
423089
423090
423091
423092
423093
423094
423095
423096
423097
423098
423099
423100
423101
423102
423103
423104
423105
423106
423107
423108
423109
423110
423111
423112
423113
423114
423115
423116
423117
423118
423119
423120
423121
423122
423123
423124
423125
423126
423127
423128
423129
423130
423131
423132
423133
423134
423135
423136
423137
423138
423139
423140
423141
423142
423143
423144
423145
423146
423147
423148
423149
423150
423151
423152
423153
423154
423155
423156
423157
423158
423159
423160
423161
423162
423163
423164
423165
423166
423167
423168
423169
423170
423171
423172
423173
423174
423175
423176
423177
423178
423179
423180
423181
423182
423183
423184
423185
423186
423187
423188
423189
423190
423191
423192
423193
423194
423195
423196
423197
423198
423199
423200
423201
423202
423203
423204
423205
423206
423207
423208
423209
423210
423211
423212
423213
423214
423215
423216
423217
423218
423219
423220
423221
423222
423223
423224
423225
423226
423227
423228
423229
423230
423231
423232
423233
423234
423235
423236
423237
423238
423239
423240
423241
423242
423243
423244
423245
423246
423247
423248
423249
423250
423251
423252
423253
423254
423255
423256
423257
423258
423259
423260
423261
423262
423263
423264
423265
423266
423267
423268
423269
423270
423271
423272
423273
423274
423275
423276
423277
423278
423279
423280
423281
423282
423283
423284
423285
423286
423287
423288
423289
423290
423291
423292
423293
423294
423295
423296
423297
423298
423299
423300
423301
423302
423303
423304
423305
423306
423307
423308
423309
423310
423311
423312
423313
423314
423315
423316
423317
423318
423319
423320
423321
423322
423323
423324
423325
423326
423327
423328
423329
423330
423331
423332
423333
423334
423335
423336
423337
423338
423339
423340
423341
423342
423343
423344
423345
423346
423347
423348
423349
423350
423351
423352
423353
423354
423355
423356
423357
423358
423359
423360
423361
423362
423363
423364
423365
423366
423367
423368
423369
423370
423371
423372
423373
423374
423375
423376
423377
423378
423379
423380
423381
423382
423383
423384
423385
423386
423387
423388
423389
423390
423391
423392
423393
423394
423395
423396
423397
423398
423399
423400
423401
423402
423403
423404
423405
423406
423407
423408
423409
423410
423411
423412
423413
423414
423415
423416
423417
423418
423419
423420
423421
423422
423423
423424
423425
423426
423427
423428
423429
423430
423431
423432
423433
423434
423435
423436
423437
423438
423439
423440
423441
423442
423443
423444
423445
423446
423447
423448
423449
423450
423451
423452
423453
423454
423455
423456
423457
423458
423459
423460
423461
423462
423463
423464
423465
423466
423467
423468
423469
423470
423471
423472
423473
423474
423475
423476
423477
423478
423479
423480
423481
423482
423483
423484
423485
423486
423487
423488
423489
423490
423491
423492
423493
423494
423495
423496
423497
423498
423499
423500
423501
423502
423503
423504
423505
423506
423507
423508
423509
423510
423511
423512
423513
423514
423515
423516
423517
423518
423519
423520
423521
423522
423523
423524
423525
423526
423527
423528
423529
423530
423531
423532
423533
423534
423535
423536
423537
423538
423539
423540
423541
423542
423543
423544
423545
423546
423547
423548
423549
423550
423551
423552
423553
423554
423555
423556
423557
423558
423559
423560
423561
423562
423563
423564
423565
423566
423567
423568
423569
423570
423571
423572
423573
423574
423575
423576
423577
423578
423579
423580
423581
423582
423583
423584
423585
423586
423587
423588
423589
423590
423591
423592
423593
423594
423595
423596
423597
423598
423599
423600
423601
423602
423603
423604
423605
423606
423607
423608
423609
423610
423611
423612
423613
423614
423615
423616
423617
423618
423619
423620
423621
423622
423623
423624
423625
423626
423627
423628
423629
423630
423631
423632
423633
423634
423635
423636
423637
423638
423639
423640
423641
423642
423643
423644
423645
423646
423647
423648
423649
423650
423651
423652
423653
423654
423655
423656
423657
423658
423659
423660
423661
423662
423663
423664
423665
423666
423667
423668
423669
423670
423671
423672
423673
423674
423675
423676
423677
423678
423679
423680
423681
423682
423683
423684
423685
423686
423687
423688
423689
423690
423691
423692
423693
423694
423695
423696
423697
423698
423699
423700
423701
423702
423703
423704
423705
423706
423707
423708
423709
423710
423711
423712
423713
423714
423715
423716
423717
423718
423719
423720
423721
423722
423723
423724
423725
423726
423727
423728
423729
423730
423731
423732
423733
423734
423735
423736
423737
423738
423739
423740
423741
423742
423743
423744
423745
423746
423747
423748
423749
423750
423751
423752
423753
423754
423755
423756
423757
423758
423759
423760
423761
423762
423763
423764
423765
423766
423767
423768
423769
423770
423771
423772
423773
423774
423775
423776
423777
423778
423779
423780
423781
423782
423783
423784
423785
423786
423787
423788
423789
423790
423791
423792
423793
423794
423795
423796
423797
423798
423799
423800
423801
423802
423803
423804
423805
423806
423807
423808
423809
423810
423811
423812
423813
423814
423815
423816
423817
423818
423819
423820
423821
423822
423823
423824
423825
423826
423827
423828
423829
423830
423831
423832
423833
423834
423835
423836
423837
423838
423839
423840
423841
423842
423843
423844
423845
423846
423847
423848
423849
423850
423851
423852
423853
423854
423855
423856
423857
423858
423859
423860
423861
423862
423863
423864
423865
423866
423867
423868
423869
423870
423871
423872
423873
423874
423875
423876
423877
423878
423879
423880
423881
423882
423883
423884
423885
423886
423887
423888
423889
423890
423891
423892
423893
423894
423895
423896
423897
423898
423899
423900
423901
423902
423903
423904
423905
423906
423907
423908
423909
423910
423911
423912
423913
423914
423915
423916
423917
423918
423919
423920
423921
423922
423923
423924
423925
423926
423927
423928
423929
423930
423931
423932
423933
423934
423935
423936
423937
423938
423939
423940
423941
423942
423943
423944
423945
423946
423947
423948
423949
423950
423951
423952
423953
423954
423955
423956
423957
423958
423959
423960
423961
423962
423963
423964
423965
423966
423967
423968
423969
423970
423971
423972
423973
423974
423975
423976
423977
423978
423979
423980
423981
423982
423983
423984
423985
423986
423987
423988
423989
423990
423991
423992
423993
423994
423995
423996
423997
423998
423999
424000
424001
424002
424003
424004
424005
424006
424007
424008
424009
424010
424011
424012
424013
424014
424015
424016
424017
424018
424019
424020
424021
424022
424023
424024
424025
424026
424027
424028
424029
424030
424031
424032
424033
424034
424035
424036
424037
424038
424039
424040
424041
424042
424043
424044
424045
424046
424047
424048
424049
424050
424051
424052
424053
424054
424055
424056
424057
424058
424059
424060
424061
424062
424063
424064
424065
424066
424067
424068
424069
424070
424071
424072
424073
424074
424075
424076
424077
424078
424079
424080
424081
424082
424083
424084
424085
424086
424087
424088
424089
424090
424091
424092
424093
424094
424095
424096
424097
424098
424099
424100
424101
424102
424103
424104
424105
424106
424107
424108
424109
424110
424111
424112
424113
424114
424115
424116
424117
424118
424119
424120
424121
424122
424123
424124
424125
424126
424127
424128
424129
424130
424131
424132
424133
424134
424135
424136
424137
424138
424139
424140
424141
424142
424143
424144
424145
424146
424147
424148
424149
424150
424151
424152
424153
424154
424155
424156
424157
424158
424159
424160
424161
424162
424163
424164
424165
424166
424167
424168
424169
424170
424171
424172
424173
424174
424175
424176
424177
424178
424179
424180
424181
424182
424183
424184
424185
424186
424187
424188
424189
424190
424191
424192
424193
424194
424195
424196
424197
424198
424199
424200
424201
424202
424203
424204
424205
424206
424207
424208
424209
424210
424211
424212
424213
424214
424215
424216
424217
424218
424219
424220
424221
424222
424223
424224
424225
424226
424227
424228
424229
424230
424231
424232
424233
424234
424235
424236
424237
424238
424239
424240
424241
424242
424243
424244
424245
424246
424247
424248
424249
424250
424251
424252
424253
424254
424255
424256
424257
424258
424259
424260
424261
424262
424263
424264
424265
424266
424267
424268
424269
424270
424271
424272
424273
424274
424275
424276
424277
424278
424279
424280
424281
424282
424283
424284
424285
424286
424287
424288
424289
424290
424291
424292
424293
424294
424295
424296
424297
424298
424299
424300
424301
424302
424303
424304
424305
424306
424307
424308
424309
424310
424311
424312
424313
424314
424315
424316
424317
424318
424319
424320
424321
424322
424323
424324
424325
424326
424327
424328
424329
424330
424331
424332
424333
424334
424335
424336
424337
424338
424339
424340
424341
424342
424343
424344
424345
424346
424347
424348
424349
424350
424351
424352
424353
424354
424355
424356
424357
424358
424359
424360
424361
424362
424363
424364
424365
424366
424367
424368
424369
424370
424371
424372
424373
424374
424375
424376
424377
424378
424379
424380
424381
424382
424383
424384
424385
424386
424387
424388
424389
424390
424391
424392
424393
424394
424395
424396
424397
424398
424399
424400
424401
424402
424403
424404
424405
424406
424407
424408
424409
424410
424411
424412
424413
424414
424415
424416
424417
424418
424419
424420
424421
424422
424423
424424
424425
424426
424427
424428
424429
424430
424431
424432
424433
424434
424435
424436
424437
424438
424439
424440
424441
424442
424443
424444
424445
424446
424447
424448
424449
424450
424451
424452
424453
424454
424455
424456
424457
424458
424459
424460
424461
424462
424463
424464
424465
424466
424467
424468
424469
424470
424471
424472
424473
424474
424475
424476
424477
424478
424479
424480
424481
424482
424483
424484
424485
424486
424487
424488
424489
424490
424491
424492
424493
424494
424495
424496
424497
424498
424499
424500
424501
424502
424503
424504
424505
424506
424507
424508
424509
424510
424511
424512
424513
424514
424515
424516
424517
424518
424519
424520
424521
424522
424523
424524
424525
424526
424527
424528
424529
424530
424531
424532
424533
424534
424535
424536
424537
424538
424539
424540
424541
424542
424543
424544
424545
424546
424547
424548
424549
424550
424551
424552
424553
424554
424555
424556
424557
424558
424559
424560
424561
424562
424563
424564
424565
424566
424567
424568
424569
424570
424571
424572
424573
424574
424575
424576
424577
424578
424579
424580
424581
424582
424583
424584
424585
424586
424587
424588
424589
424590
424591
424592
424593
424594
424595
424596
424597
424598
424599
424600
424601
424602
424603
424604
424605
424606
424607
424608
424609
424610
424611
424612
424613
424614
424615
424616
424617
424618
424619
424620
424621
424622
424623
424624
424625
424626
424627
424628
424629
424630
424631
424632
424633
424634
424635
424636
424637
424638
424639
424640
424641
424642
424643
424644
424645
424646
424647
424648
424649
424650
424651
424652
424653
424654
424655
424656
424657
424658
424659
424660
424661
424662
424663
424664
424665
424666
424667
424668
424669
424670
424671
424672
424673
424674
424675
424676
424677
424678
424679
424680
424681
424682
424683
424684
424685
424686
424687
424688
424689
424690
424691
424692
424693
424694
424695
424696
424697
424698
424699
424700
424701
424702
424703
424704
424705
424706
424707
424708
424709
424710
424711
424712
424713
424714
424715
424716
424717
424718
424719
424720
424721
424722
424723
424724
424725
424726
424727
424728
424729
424730
424731
424732
424733
424734
424735
424736
424737
424738
424739
424740
424741
424742
424743
424744
424745
424746
424747
424748
424749
424750
424751
424752
424753
424754
424755
424756
424757
424758
424759
424760
424761
424762
424763
424764
424765
424766
424767
424768
424769
424770
424771
424772
424773
424774
424775
424776
424777
424778
424779
424780
424781
424782
424783
424784
424785
424786
424787
424788
424789
424790
424791
424792
424793
424794
424795
424796
424797
424798
424799
424800
424801
424802
424803
424804
424805
424806
424807
424808
424809
424810
424811
424812
424813
424814
424815
424816
424817
424818
424819
424820
424821
424822
424823
424824
424825
424826
424827
424828
424829
424830
424831
424832
424833
424834
424835
424836
424837
424838
424839
424840
424841
424842
424843
424844
424845
424846
424847
424848
424849
424850
424851
424852
424853
424854
424855
424856
424857
424858
424859
424860
424861
424862
424863
424864
424865
424866
424867
424868
424869
424870
424871
424872
424873
424874
424875
424876
424877
424878
424879
424880
424881
424882
424883
424884
424885
424886
424887
424888
424889
424890
424891
424892
424893
424894
424895
424896
424897
424898
424899
424900
424901
424902
424903
424904
424905
424906
424907
424908
424909
424910
424911
424912
424913
424914
424915
424916
424917
424918
424919
424920
424921
424922
424923
424924
424925
424926
424927
424928
424929
424930
424931
424932
424933
424934
424935
424936
424937
424938
424939
424940
424941
424942
424943
424944
424945
424946
424947
424948
424949
424950
424951
424952
424953
424954
424955
424956
424957
424958
424959
424960
424961
424962
424963
424964
424965
424966
424967
424968
424969
424970
424971
424972
424973
424974
424975
424976
424977
424978
424979
424980
424981
424982
424983
424984
424985
424986
424987
424988
424989
424990
424991
424992
424993
424994
424995
424996
424997
424998
424999
425000
425001
425002
425017
425038
425051
425063
425086
425087
425107
425119
425148
425149
425167
425195
425260
425261
425262
425263
425264
425269
425276
425285
427088
427392
427394
427395
427396
427397
427780
427894
428082
428192
428468
429943
430308
430471
430840
430852
431186
431689
432074
433167
433168
433169
433170
433171
433172
433173
433174
433175
433176
433177
433178
433179
433180
433181
433182
433183
433184
433185
433186
433187
433188
433189
433190
433191
433192
433193
433194
433195
435261
436188
436483
436808
436813
436909
437016
437517
439043
440843
440844
440845
440846
440847
440848
440849
440850
440851
440852
440853
440854
440855
440856
440857
440858
440859
440860
440861
440862
440863
440864
440865
440866
440867
440868
440869
440870
440871
440872
440873
440874
443632
444970
445967
447161
447361
447854
448494
449505
450153
450669
450843
450844
450972
451040
451481
451711
451998
452038
452075
452082
452124
453547
453791
453959
454073
454206
454362